3 0.1513671875 0.15306122448979592 0.279296875 0.287569573283859
3 0.49609375 0.1437847866419295 0.3125 0.2690166975881262
3 0.84326171875 0.15769944341372913 0.2958984375 0.2894248608534323
3 0.8310546875 0.5037105751391465 0.326171875 0.2690166975881262
3 0.150390625 0.4935064935064935 0.279296875 0.29313543599257885
3 0.48583984375 0.4647495361781076 0.2861328125 0.3209647495361781
3 0.51123046875 0.8079777365491652 0.3369140625 0.287569573283859
3 0.84326171875 0.8107606679035251 0.2919921875 0.2782931354359926
3 0.1572265625 0.8246753246753247 0.291015625 0.2653061224489796
1 0.77685546875 0.7411873840445269 0.0947265625 0.12059369202226346
1 0.7109375 0.4090909090909091 0.05078125 0.04267161410018553
1 0.76708984375 0.39888682745825604 0.0615234375 0.04823747680890538
1 0.84326171875 0.39517625231910947 0.0908203125 0.04823747680890538
1 0.74365234375 0.48237476808905383 0.0576171875 0.05194805194805195
1 0.8203125 0.49165120593692024 0.078125 0.055658627087198514